8
13 92625 41794 92841 69499 8 57102 13 8085 0
9 10670 69106 13 13 4 13 76753 3 2
0 48266 9 3027 13 13 13 5 13 6
95380 13 41121 13 13 9113 63527 13 34787 6473
88642 4 13 13 32245 13 5440 13 6 13
13 13 93987 13 8 44203 9 3 74340 13
13 13 4 13 13 13 13 53821 54635 13
36581 13 40445 92098 12322 13 27873 13 70001 10002
13 13 1 4 7 4 13 15676 5 13
39486 8294 13 5 432 39941 13 30959 13 13
9 53182 87095 3 1 77996 13 9144 34658 13
1 44959 2 13 54782 5 9 91834 13 26145
13 4 13 33313 13 73699 0 13 13 13
68156 72468 9 13 47711 56242 13 13 39846 79874
13 13 13 13 90256 60959 7 23316 35059 39747
90004 72161 87628 54404 10609 52799 13 74789 15695 4
7 13 30630 13 97134 8 13 30508 4 13
13 13 18344 3 72160 13 13 4 13 68490
79252 8 63866 1 22539 13 7 9 93896 13
13 0 13 92835 58520 8 8 13 3 13
33644 13 753 44573 13 23870 6 4 1 13
13 72592 7 6 3 2363 57567 4 5 14774
89797 45259 13 13 9 30687 13 0 3 17599
13 13 52768 35439 13 27550 8 13 13 13
59314 6 98416 13 65791 13 7 24882 53057 19273
74616 13 1 27438 88375 13 6 13 49432 13
15874 64187 2 45586 82589 13 2 13 13 12349
12460 7 1 59699 29940 13 99164 18015 5 7
22302 13 13 1 13 13 13 5 13 13
0 78967 13 0 5 37540 7 50956 13 66148
13 16370 30379 13 99665 69632 25502 90248 72745 13
13 13 13 50210 13 15224 13 9 13 6
63645 9 9 13 23186 87009 56139 81463 46540 13
13 13 7 13 23425 13 13 50053 9 65644
7683 45628 16635 13 48426 17726 6 13 13 16098
70877 13 62847 9068 77061 53021 13 45732 13 3
13 0 74075 44093 28188 77638 3 0 0 13
79505 4 13 13 65152 1 6 13 13 5
4 6 73520 13 13 22329 39919 13 13 8
13 2193 86362 26498 13 3 13 33330 91733 9
45027 13 7548 66281 13 970 13 48029 13 7
74479 9 13 13 13 7 13 8 13 23536
88903 83488 13 13 2 3 62746 6820 13 49465
7 5 13 6614 13 41074 13 41758 22881 70602
93377 13 13 13 18254 13 62784 99015 50910 14950
5376 74446 12788 13 13 81554 13 5 13 74116
75135 30725 4 13 21782 98493 0 13 13 13
13 10248 13 6 50065 13 31404 87566 15070 0
7 8 13 14291 13 13 91288 13 13 42610
13 13 47042 0 13 13 5 13 22877 13
13 13 13 7 13 17977 87000 13 13 89495
13 13 7 62873 13 13 13 3 13 13
13 30264 0 13 13 13 13 13 13 13
13 0 7 13 84783 13 9 13 52439 67981
13 13 13 85625 13 86918 13 68598 3 21751
1 13 13 15603 28182 13 13 65996 8 0
34633 13 83028 838 15432 1 13 13 57290 27640
87513 36533 13 21383 13 5 4 2 13 13
67621 15260 39494 13 98334 6 42210 6 78380 13
13 92546 13 13 13 29191 13 31534 76363 13
13 71112 13 8 13 13 13 13 68162 45035
2 77397 90932 99506 95626 13 13 13105 8 49201
29728 7 13 9 2 12510 13 55607 76178 13
13 7 6 13 2176 13 22231 13 13 83267
39695 13 13 13 7 13 46460 73826 30571 13
8 13 0 72545 20342 2 57295 60509 13 43641
13 13 13 2705 13 13 7 13 24681 79622
13 13 13 2 13 61770 13 17792 13 25545
26496 56197 8 46880 75227 13 35305 13 2 21580
13 3 0 13 2 13 13 54844 13 13
64690 78271 9 40950 99493 6 24848 79781 13 2
13 2 17172 81921 97129 57128 6 2380 6137 96913
13 19886 85822 13 92766 21548 13 0 15470 14017
2 13 76525 4 77050 13 7 13 13704 13
13 13 9 0 4 13 13 13 23152 13
13 3 72134 13 13 2 73890 91907 13 13
50625 88744 5 6436 13 2891 54904 13 93905 4
13 13 0 68022 66589 1 13 4 13 4
97186 14448 11506 13 40087 4 1 3 1 13
4 62384 6 60194 7 13 13 43527 75272 2
91630 13 23023 99136 2 13 13 3 33660 46739
83866 55291 13 21891 13 5 13 13 77756 13
0 13 13 35503 0 23306 1 76636 7 13
30886 36469 6 8 13 54619 53032 13 1 13
13 10292 9 1 71830 5 6 21063 4 13
48028 41166 13 98934 13 2 3 49668 13 13
0 13 6 13 13 37787 7 34556 43530 38895
49142 13 3 9 13 39299 13 13 78275 40579
7 4 13 30304 6 3470 13 13 1 13
13 6601 39920 9 0 13 13 67892 7 13
91271 18218 94821 13 15068 65978 13 7 93112 13
2700 1 22697 65894 13 82949 5 63946 84562 2
13 4788 13 4 0 1096 7 9 13 13
30288 7049 13 13 65688 13 8624 13 28347 13
14602 72238 13 13 45622 13 13 77700 13 13
18071 13 86344 8 13 13 13 74134 2 10344
9 13 9 30286 13 13 21649 13 27388 68358
0 13 90813 74592 7 13 97154 59286 7 42674
7 13 13 6 13 13 4 13 13 55948
13 7 13 13 13 13 35784 3889 9 13
13387 13 13 96641 66528 5 3 2 74534 62040
13 7 64576 69919 89410 84359 6 13 55660 94919
13 33539 2 8 33196 2 76862 82426 1 9
13 43861 13 13 9 13 13 2651 3 13
13 13 13 13 13 40615 13 18238 13 13
13 3 13 49993 13 82685 97217 13 52072 52699
5 13 13 27065 65048 13 13 13 7 83177
1903 23669 5 40501 68721 13 13 9 74567 1067
58015 13 23670 35320 13338 13 13 13 13 50113
13 13 9 13 91352 43290 11028 19825 27116 13
13 13 13 8 26338 91649 13 36543 13970 13
5 89449 13 1706 13 94640 13 94722 38188 35585
0 13 63219 13 14107 8 13 13 1 65463
13 4 6 13 13 40815 32557 13 13 3692
13 2 34200 13 0 2 7372 84286 1 13
73724 30552 13 2 13 16002 2 64208 28686 13
13 53393 9 13 8 13 13 93112 39503 13
4863 2 97467 13 4 13 13 79984 13 4
6 94399 13 4 13 13 13 13 73255 11646
39768 64235 8 43372 13 6 4 2 67371 13
24198 87516 5 7 13 13 67382 13 0 13
44802 13 29027 99164 1515 8 13 13 13 13
13 38386 13 23250 4246 97512 13 1 98647 13
3538 13 4 49823 2864 13 90354 13 88337 13
13 90603 6163 43165 13 85161 86083 0 3 13
22436 189 3 13 3 2 13 3 13 13
21546 13 13 6 13 6 78363 36132 79222 10354
90643 7 13 13 98848 41580 13 53424 13 13
15770 7 13 13 18209 13 65223 47147 13 13
48236 2 1 7 13 13 88017 9 40656 13
11816 6 96088 91467 13 27636 55604 6102 13 13
54778 72671 13 13 13 13 13 22710 13 3
37493 94752 0 13 13 8 43587 6 99644 13
48034 50587 13 69787 4 13 1 5 13 4
13 59613 3 71358 51204 13 13 13 13 58639
65409 89360 13 13 13 74863 13 25636 8 8
61555 28521 1 5 13 13 49389 38987 13 13
13 7 13 57590 13 13 0 7 63203 30404
13 13 13 9 71643 0 53264 84568 13 56529
13 7 58622 0 37346 8 54538 98579 14531 54851
28761 13 13 36117 52463 13 13 12455 72261 16329
7 0 6 13 1 2 61729 13 13 13
13 84037 42827 13 13 13 8 74271 87291 13
13 13 13 13 13 25079 13 13 13 13
2 13 73082 13 13 13 9 2324 13 58033
32119 13 96873 13 31709 13 1893 72875 54529 41713
13 13 13 70965 8 95282 89504 7098 9244 24603
1221 99930 21641 0 8 13 1 83400 37735 13
13 45431 77426 13 6 77264 13 22846 30758 1
16847 13 9 13 84344 29086 5 13 9293 13
48503 4 4 19110 22910 1 0 15705 13 59590
41364 62082 88187 13 68084 62034 33721 13 20645 3
13 96293 13 38383 13 9 13 12918 1 84009
13 88920 13 9 83399 26885 1 88436 13 13
4 67722 13 21158 77162 13 48156 33677 13 9658
13 13 1055 13 4 84990 1 13 13 70385
64502 3 8 4 13 13 13 13 9 76875
7 42460 13 15770 57064 2 0 13 38762 25991
24497 13 13 13 85829 57650 59597 13 33370 1
6 42303 26544 1 5 13 13 22525 7 0
57026 5 13 48816 13 13 13 1 69600 13
42483 13 13 21242 72733 57883 22207 13 13 7
15344 94114 7 13 61614 54653 13 7 65103 13
88783 13 96637 54002 1140 3 13 13 74254 13
13 13 41572 23263 13 13 13 13 9 13
12876 86392 6 13 0 9 6 18685 13 76751
13 37259 13326 94821 8 13 43723 13 59590 13
13 52167 13 91159 29054 92158 3 68803 8 97956
7 13 13 13 13 13 78461 13 4 3
81239 13 7 58777 75638 6176 0 41565 13 13
62571 13 2 68200 51320 0 5 37842 7 21143
13 13 9889 82226 13 4 13 13 13 13
13 68723 1 13 5158 12648 13 5 13 13
80033 9 4 13 0 34931 20281 26368 6 13
13 55600 13 13 13 6 13 8 13 68675
13 13 48424 13 13 67260 13 13 4960 13
13 13 13 13 37493 3 1 13 2 3
13 47640 13 13 13 1020 88461 6 13 13
98396 9 13 13 13 29781 13 54341 3 13
13 13 2 13 52661 7 13 13 21605 60795
13 13 13 69128 42309 13 13 20932 13 74374
60112 96704 13 1484 13 85758 92564 4 50089 13
13 8 9 39676 13 96725 98792 13 13 75509
13 78818 89971 8 6 13 13 13 87369 6157
3 69372 19211 20002 0 1 13 0 13 13
13 2010 13 13 44194 66771 9 7 13 13
13 13 13 9 64878 90548 13 13 5 86015
9931 13 13 13 23556 13 14229 3 62463 44563
13 38888 13 13 13 0 13 8 13 81537
72010 34377 90851 88760 13 7 7 27753 13 37249
13 13 7 13 13 13 31021 64261 13 13
13 14759 45136 13 13 13 13 9 6 6733
13 64265 3 45909 13 13 83607 88353 19219 13
11708 13 82018 13 46070 10291 37484 30966 13 13
13 9 13 13 97287 13 13 21375 28187 13
13 0 13 17529 13 3 13 13 6 13
22324 13 13 13 13 99897 13368 6 81095 13
85223 47383 25330 9 67366 6941 13 29281 62948 27635
13 58406 1 13 13 11830 13 34300 1722 61153
89935 2 4 77806 2 7 10773 7 63527 20334
98281 5 13 95587 0 61647 13 8 81738 1
13 13 13 13 99432 13 42295 38223 13 55241
4108 13 61308 26051 13 13 13 13 13 77534
55683 0 46382 13 7 1 60356 1 11451 51317
30450 5 71167 13 3 13 13 13 44097 13
13 67797 13 13 13 13 4 13 13 58564
23610 13 74809 13 62163 13 2 60840 55391 14058
13 13 13 13 13 5 39879 64329 1 4
86039 13 13 3 9 13 1 1 7 13
7 52746 46809 13 7 1 8 89448 96707 13
13 9 13 60770 13 13 13 55845 13 28348
62135 13 13 21445 51310 7 13 13 9 13
97740 13 13 44187 13 9 13 31499 13 13
3 46872 76070 8 45156 86759 47619 67946 13 26266
23993 13 13 13 9 91202 12505 21338 9 0
44472 6 13 3 13 82349 6420 19124 13 38884
13 64068 61908 13 13 13 8 13 13 9
26236 13 13 13 13 4 8 80037 60128 33522
3 2179 5 9 13 6 84787 77297 88491 19943
54080 13 13 13 13 83450 580 1 5 2
13 2171 13 13 72021 26673 13 4 24968 99841
80721 48465 13 55184 72517 13 13 13 13 21464
45493 0 88800 22773 46539 8 13 13 13 13
13 83736 3995 6 25011 4 13 90111 5 13
16954 13 13 43738 13 2 48738 8 13 13
13 0 4 13 13 5500 27059 13 29408 13
52881 13 25384 71699 82139 13 13 47018 13 13
24723 9 13 0 13 13 34280 13 31656 13
48443 3 2 86846 58504 58336 13 3 2 13
45635 75654 30984 47452 13 13 21529 85118 38298 13
13 13 13 97948 70146 94158 13 68455 13 13
2395 92197 95791 13 24653 75670 13 8 13 23648
4 62890 13 29769 13 18641 0 4 13 64171
13 0 1811 13 67264 4 23130 13 13 13
13 32245 95859 13 13 90762 9 52723 13 13
13 13 13 13 13 1 77128 13 13 6
71835 83637 13 13 2 45047 9761 13 2398 21824
13 13 13 4 8 2 13 1 13 80840
7 13 13 31150 6 13 50023 60228 81410 35375
13 38026 2 94923 13 13 43775 13 8 13
13 13 13 65216 13 1 52214 46263 85225 93693
13 33567 3 13 6 41475 13 80264 9 44108
70563 6 59152 13 13 13 7 93373 3 13
13 7383 7350 59142 13 30877 13 34758 30296 13
77672 58452 16511 45160 72368 13 79152 13 13 13
92367 4 0 6785 4682 6 13 13 68328 13
13 13 13 68325 78695 4 13 7 13 56519
13 13817 13 99001 74311 13 7837 13 13 13
13 46191 13 13 9 37890 17429 4336 13 51568
13 25176 5 71295 13 13 5 0 1 36409
13 13 0 7 5 34089 13 2 13 13
8 9 8 13 94660 7 32259 13 16057 0
13 5 13 13 13 36708 51974 52299 42289 13
13 4165 13 4 13 13 99302 34990 13 46880
16655 63743 40 47051 93244 73897 96142 13 81723 19960
13 29467 13 1 13 2 23286 13 2 53913
57460 4 60496 13 18011 4 2 13 80766 89305
63117 97343 9 55870 97303 89690 2408 26579 57131 39344
13 5 43594 13 42962 95827 13 8443 86496 13
0 11435 2 40068 9 13 3 13 13 90698
42434 9 6 46533 21934 73976 13 13 9 13
64947 13 93433 2 45387 96488 87988 13 13 13
29035 11930 3 76906 41633 1 6 13 5 13
3822 84804 13 13 0 13 13 13 1 4
57260 44993 74785 9 13 13 6 77529 13 13
4 13 90512 13 13 13 9728 13 88083 1
62505 22543 66219 13 13 7 82531 75541 13 9
39599 37541 13 2 13 13 7 13 9 9
13 74169 74946 6 99527 66485 96826 13 13 13
75242 13 67210 13 13 13 13 30514 13 1
0 5 13 0 13 4 13 6 9 1
13 4 14989 13 13 13 2 13 51025 13
13 23920 13 13 13 13 46621 43800 32067 13
13 13 1 8 6264 3 33243 13 13 13
31286 8 13 7 22860 7398 13 25686 9 13
15862 16844 13 16652 3 51113 3 6 13 13
9 85634 13 13 13 60848 79173 13 13 34630
3453 9 87835 13 13 13 13 36999 13 13
13 7 6 13 13 13 13 13 98191 2245
0 7 13 1 3 21392 66522 9 57369 17027
13 13 49581 13 1 5 74059 92534 85599 13
83737 13 39262 13 13866 3 13 52485 9 25991
13 13 8583 58330 30201 80102 8 7 71519 6
69174 13 13 13 79546 9 13 13 9 13934
13 13 24513 88833 13 13 13 4 41582 13
13 13 13 68539 13 51874 13 13 13 13
3 92437 4 68128 13 92949 49355 13 1933 32932
11141 78199 97986 3731 13 85594 13 3 13 5
78132 13 57064 13 43851 13 13 2 36721 46191
13 0 13 2 96987 1 70226 39189 57336 90583
9 75405 13 63706 97750 42865 33666 13 13 86718
46167 7 74487 13 8 18989 78284 13 90619 46281
74835 1 13 84279 6 60715 2 13 27573 13
13 13 13 13 13 13 13 27786 89222 82537
13 13 75041 13 13 36301 13 13 1 13
13 35490 13 62760 13 43977 3 60702 2 19424
13 32682 3 91150 19995 13 13 13 13 48249
7194 13 1 13 25273 30565 13 143 16161 13
89319 13 49727 13 13 13 13 2 13 12670
13 26212 6 8356 13 43739 13 18184 13 13
2 8 13 7 0 0 83644 44211 62287 36299
13 0 13 4 7 72304 39003 13 4 11701
5 7500 42280 13 20328 2 13 4 7 13
20438 0 13 13 13 13 0 18179 13 6
89020 2746 13 38406 13 87976 13 13 13 13
13 20500 9 14630 13 13 28279 95714 9 13
81880 4 13 31836 93644 13 3 23915 99555 13
33498 13 9 6 13 13 13 86735 37894 13
13 79585 13 13 70987 13 13 1 2 0
81959 65151 52533 13 13 22032 13 13 7 13
13 5 13 13 14491 6 4 23911 13 13
10200 13 13 13 13 96142 13 70147 13 13
13 6877 7 99140 33919 92847 21289 0 13 52223
13 52354 13 1 0 55759 8 19059 2 39316
1 13 13 3 13609 6730 13 10993 56447 13
72107 23195 13 42128 13 13 68165 13 62954 46166
78754 13 27909 44494 13 13 8 13 13 13
13 13 18678 9 13 67680 13 8 13 21251
41989 6 13 66381 20373 13 13 75671 9 13
9 13 13 13 73457 3 13 4566 13 8
72830 18692 13 13 80340 13 55860 13 64449 74202
80782 13 8 3 13 16596 58212 37935 13 95870
7 7278 8 88597 2 13 13 64134 13 83778
30878 52121 29130 13 13 73656 74088 46909 52421 65301
13 43937 93406 11611 41499 8 49625 16560 11302 86736
13 83725 7 13 13 24991 13 25444 13 52133
13 98716 6 13 13 0 53004 94383 0 13
13 13 4422 13007 28099 13 92106 0 52285 13
2 9 1 1 82318 6 59370 29268 71521 23853
33910 4 59856 63282 97636 99825 63224 55857 18986 6
4 13 27345 13 2666 47974 73478 87711 82384 1
5 13 49056 13 72036 13 13 13 7 13
65395 67958 95692 13 8 69551 76224 5 13 13
89406 13 66820 13 4 13 13 13 13 13
13 44756 13 89093 3 36346 13 13 32148 13
71455 13 74866 8 13 13 79220 13 13 13
13 45255 13 86431 13 13 13 80273 11192 57069
13 12017 13 2 16509 7 13 2 13 21316
13 64142 66718 3 13 87202 1 40065 56868 13
13 31968 13 13 6286 13 74831 13 40152 13
8 82186 13 3 94298 13 13 9549 1 7377
6003 13 3387 9 13 79337 47146 3 75811 82150
8 13 77208 13 13 9 2 13 13 74256
51282 13 71684 84446 6 13 8 35311 13 8
1 13 18179 13 25566 90130 2 3 13 82845
84104 7 2 7 10548 13 13 13 51764 13
9 56860 13 13 13 78114 4 13 4 61725
28284 13 1 13 13 13 13 46219 23139 9
34363 94173 13 5 32066 47894 46498 8 13 2
13 5 13 3716 13 34025 48620 6 13 81581
13 13 13 3 13 54333 13 54277 4 13
8 32134 1 2452 61633 39217 8 15639 13 79895
50607 25480 13 13 12800 13 13 8 91671 13
26803 13 74365 34896 63503 13 50778 59432 13 86015
65233 9 13 13 65065 65157 90508 7 7 46517
30471 96310 8 86849 13 13 60818 21240 6 0
84249 13 8 13 13 13 24170 5 13 13
13 13 13 13 13 13 5 3 36762 7
68339 13 30088 50191 13 3 13 13 13 13
3 14713 13 54573 13 13 6 6 22817 13
6 13 13 13 13 4 13 8 85351 13
13 13 13 13 13 2 13 81835 13 13
13 2 727 13 13 65748 12138 7705 13 13
83605 76229 0 13 42767 13 13 13 48252 0
98616 13 13 13 13 13 53854 13 42123 6457
2 34360 49055 13 63851 13 65626 19792 4 56802
26515 54889 13 13 2675 5 13 92085 13 13
47375 7 46940 13 13 13 59053 95119 98381 85064
72854 13 13 18799 81454 81116 13 36202 13 13
13 12646 98168 4610 31070 13 3 48160 13 82601
13 13 35854 13 9 13 38702 93740 6 6
13 13 13 3733 91581 18150 1 6 5 13
61826 41541 38283 13 4 13 13 13 25494 15932
13 8 5 95838 8 13 9 23385 3 13
13 58390 13 13 16986 13 91774 13 51774 1344
81884 13 1 9 13 43842 48272 918 13 11237
92305 13 13 0 4 34102 85004 13 13 56021
8978 9 45472 13 13 13 8 0 6 0
26166 13 64541 0 5 13 13 13 13 13
13 7 42460 99649 13 13 13 13 13 15550
13 13 13 13 7 13 24414 13 13 13
9 13 13 13 13 13 13 5 13 7
13 2 0 13 49532 13 38097 3 19649 13
52390 9155 29397 32746 7 13 1 13 13 30145
13 13 80475 73642 13 53288 0 13 58568 13
461 13 13 38392 13 3 32791 14375 13 13
29049 63227 53315 13 46191 92007 13 13 13 13
74177 13 73530 13 78577 35536 13 13 40392 13
2 1 13 67616 13 13 27929 14778 99408 32967
66643 77180 13 80511 13 6 13 84881 13 13
13 2 37199 20366 3 13 5 13 51038 34860
13 6 13 8 13 13 13 13 95350 27175
13 63219 24747 64680 13 45321 57459 89142 7 4
13 13 13 55455 13 13 13 13 18946 13
16833 13 13 43305 13 13 91538 13 13 50106
13 13 13 13 8 91405 13 13 13 67412
13 48601 3 6 13 7 13 7666 13 95854
25247 13 4 13 92614 16015 2 50431 13 73838
90622 57663 4 1 13 13 50343 13 13 73438
13 65221 9870 13 21498 0 34997 2 13 13
4 9 13 13 5907 13 26107 13 91760 56691
32700 31509 64799 38359 15703 60555 80583 61585 13 13
38788 18434 13 8280 6 39304 13 13 13 13
13 13 79279 33238 5 13 4 11472 13 5
24997 98063 13 12207 13 13 76369 58479 13 8
9 93404 43428 64829 3 13 2923 13 83249 13
7 46486 13 69145 8 13 6 4 60048 13
13 13 72523 13 12519 13 13 8 13 13
59046 13 86047 7 26557 0 33775 12184 5 13
13 6 2 13 13 8 4 56831 13 4
3 92802 71022 18829 13 13 13 24237 13 13
0 51957 13 5 13 86775 13 3 8 1
13 6 67801 13 3 65723 9 13 13 89627
6 7 2 78041 8 13 13 23360 13 13
7 7 13 13 4 73766 13 13257 13 13
13 64659 0 9 11222 91191 4 4200 13 9
22113 6 8 28389 21078 13 98348 13 13 13
0 13 13 13 13 8 10755 16590 13 13
78399 12880 13 13 13 13 37715 72990 13 13
83375 13 13 9450 53647 44438 93557 24366 2 13
13 9 13 8059 9374 95262 27171 71354 13 13
77588 55934 13 2 8 7 69558 90323 3 13
13 0 13 8742 13 8820 7 13 6 13
73680 13 9 1 97718 13 13 13 13 13
6 85730 13 13 13 5 1845 51017 1 13
46614 0 0 40156 55432 28204 85796 13 3 25165
84884 1 95636 30889 13 229 13 13795 84047 79175
15471 74118 70778 6 77872 21953 24510 23850 59721 65603
83125 71664 13 0 2 13 13 13 33822 13
67389 13 6 3 8 53579 13 80663 1373 13
13 13 13 57390 13 13 13 5 99243 13
60639 66808 65751 96181 15300 77513 57909 66481 3 13
95842 13 13 13 13 13 13 67727 2001 1
72129 13 5 13 1 26120 13 13 13 7
4 13 7 47369 34008 86563 80985 13 50775 5
13 13 13 27914 69579 82889 5 79619 13 1
14345 13 10761 8 13 62354 1 13 8 19731
13 5 13 32075 13 4 46325 6 3 13
13 6 15666 49844 0 13 98599 13 93697 13
40419 2468 9 13 0 13 13 13 13 13
13 87260 13 18208 31866 13 42157 0 9 88024
13 13 5 4 13 0 8 13 94262 7
13 13 30499 44881 1 37571 13 43066 50942 13
35175 13 8342 13 15597 13 13 2 13 2
13 5 9 13 4 13 13 13 13 6
13 13 13 5 5 13 13 9 22434 2
58092 13974 13 1 2 38246 2 13 11589 39092
6 13 26530 13 62083 4418 13 13 13 13
13 32127 71794 32456 13 41642 13 13 9 5
69406 1 13 92366 3 3 3 13 70012 7
13 13 13 79429 33168 5064 51489 13 6 8753
89826 13 79193 2 77030 13 13 41358 72186 61764
1 13 84165 56494 3121 68001 3 0 19818 20918
13 4 24672 13 13 26340 8 0 4 0
37686 3964 13 1 13 13 63073 13 13 65676
21603 3 23165 4 5 67652 13 5 5 0
13 2 65248 13 13 84269 65936 18814 39208 13
13 6 13 4 13 65080 8 13 10545 1528
46882 65636 67127 13 53964 13 17885 15530 80477 91983
13 5 39767 62774 1493 85401 9 13 13 98658
13 13 13 0 3004 7178 7034 13 68065 13
13 3 3 6 13 43225 44609 31346 17718 5
13 13 59695 2 13 13 9 8 13 13
13 13 64710 24777 77330 13 6285 13 24243 0
13 6703 13 28614 13 28434 13 13 13 13
27677 84416 16201 13 12024 42395 8784 13 5 7
13 13 13 13 5 13 96979 13 21476 13
13 51105 13 15393 13 13 10421 21743 9 13
53616 2 44652 13 79238 9788 13 81872 13 29144
9 49460 83731 95902 19721 13 13 13 11379 13
13 13 68289 3 82112 13 42439 99494 13 13
7 89420 13 13 76756 13 13 92080 13 85517
25887 13 13 5 13 13 13 6 94997 13965
0 13 9856 2 13 13 7 6 1 49581
6 13 13 87900 39461 13 31719 13 97427 44342
13 44873 31908 3 13 8 13 13 48808 66639
13 56469 13 13 28488 13 86612 933 6 45798
6 55576 58741 40194 13 6667 13 23237 86728 3966
15378 54702 13 13 8 15103 2 9 13 9
2898 13 1141 7413 13 13 42875 13 13 77824
13 8 54336 13 13 13 6 13 18933 3
34357 4 13 13 13 14089 13209 13 13 13
49672 44056 79365 13 94060 32240 13 13 2040 13
13 13 13 36083 43784 13 7 79977 0 5
13 27622 52436 13 6 4860 32532 13 13 63935
13 7 13 70257 70361 6 13 62377 23911 0
94199 7 60633 13 45528 99088 62411 13 50442 13
13 0 66652 16119 13 13 64583 7 49166 13
8 92327 13 13 32086 4878 20888 62030 3 32818
37911 4 13 9099 13 13 23013 36529 78887 46748
13 13 13 13 13 94097 28875 2087 8 13
7 13 0 48312 13 13 26407 13 13 13
13 9 36391 98649 82064 0 13 8667 92347 13
13 13 30556 92735 13 3 69269 13 13 63054
50142 13 7 34066 13 13 29515 5 13 13
70585 8 31624 11858 13 13 13 74011 14190 1
13 4 13 1 1 13 13 13 13 6
6 1 13 13 13 13 13 13 1 8662
13 7 13 13 96236 8889 11620 8 13 13
8 6 1 39287 13 84655 34270 13 2 1
7 84751 13 4 7 23262 80436 13 13 8972
13 13 60078 40077 9 13 13 4 13 13
816 13 7 13 13 13 13 13 63256 13
20204 68426 13 13 87842 94772 13 76312 94588 96245
93870 85851 83636 19686 64857 3495 6 16011 87184 13896
14001 13 57452 24902 13 11084 13 13 13 36234
13 9 67136 9 80184 7 1 13 9 65717
13 6 13 13 95232 57910 13 88773 13 13467
23735 82625 7 13 13 13 13 8 13 46100
71589 6 13 6 13 45830 13 17958 6751 81609
43140 7 1 6206 6 13 68899 18676 13 13
13 85896 97252 13 13 13 9 92915 13 53504
7490 8 8575 43561 78136 13 82727 49576 8 13
30784 13 13 13 18506 62756 4198 53899 70654 50300
13 13 4 80099 66318 13 8 85048 13 20845
13 8 13 92909 83166 13 33562 13 13 40366
13 24758 54178 1 67802 4766 39574 8 13 54038
27817 76795 13 58891 8 53234 4 47136 13 13
4 89170 13 23409 83730 80568 13 2 13 81121
13 18841 22570 13 1 13 13 37927 13 13
23613 3 2 13 13 97673 19401 52600 13 13
13 13 2 4 18403 380 8 29396 87460 13
13 34028 85651 13 13 5 3 5 7327 54310
8 99369 22892 29883 13 6 13 37686 3520 13
6 0 13 5988 43263 4 37126 9518 13 13
13 13 13 77236 5 13 1946 34406 5999 56936
13044 68276 0 65806 13 43128 0 49726 14038 69454
13 13 60323 13 80125 13 13 13 13 13
13 13 13 4 13 41029 13 13994 13 6
33609 25633 5 0 53712 78296 91356 13 30884 39683
13 13 6 13 13 3 60049 13 8 7
35381 33818 13 40082 2 23982 1 89812 13 6
41607 13 4815 13 99289 7 97247 5 1 13
86362 14834 0 8 3 89256 13 13243 13 7
13 13 13 3772 4 13 75330 13 13 8
68287 83519 13 35021 13 85534 13 83740 5741 6
0 5 13 4 33313 7 46138 13 13 58615
13 0 85721 30514 13 13 32303 13 54767 6
13 31757 4 13 13 13 56722 7 13 61658
25256 13 5 13 9 13 13 44383 13 4
25453 13 8 13 42194 13 13 13 13 13
35525 8 68192 13 13 13 48008 77449 13 62310
13 66458 42001 13 59146 21869 13 13 60184 13
94851 16248 13 5 59188 1 52455 13 13553 13
13 13 9 8 13 54742 13 38460 13 13
98405 10681 5 6 16450 13 81140 62344 64130 78368
88145 9 13 68000 68733 45060 0 1394 13 13
42278 12366 23186 3 40603 1 13 92446 79986 40911
13 34950 0 3 13 13 13 53101 13 32479
4 50957 95519 74681 0 1 38669 13 13 11094
13 7 13 22779 33188 16810 13 13 7 41867
13 5400 13 40588 2 13 54468 99772 5658 18117
13 13 14370 74465 13 61110 13 13 13 13
13 4 13 13 13 13 13 38103 67082 13
71640 88673 91360 13 89162 53675 8 92138 13 51077
23239 13 4 4 13 678 13 13 74259 13
3 26646 1123 87698 1 5 13 95693 13 13
13 21347 88094 4 3 13 13 38586 13 23905
76460 1 13 1 13 13 13 97936 73684 7
17311 6 61183 13 13 36140 13 8 45270 13
13 96169 62955 26112 44683 61024 13 13 47376 1
13 26662 86657 13 54694 43766 97542 13 7 765
13 46684 8 70746 13 13 13 62976 30507 23937
78777 13 24136 7 3 93778 13 7730 59135 0
48284 44055 45216 0 0 25534 63618 13 13 92495
8 84160 42912 6795 13 84625 16550 13 13 5
13 77866 1588 5474 13 77902 1 70623 13 6
13 94259 1277 13 13 57735 1 4 4 88335
23358 13 6 60727 13 13 13 13 21162 13
13 31695 61252 13 89026 13 13 29864 4 0
20106 13 36365 1956 13 13 75885 13 82910 13
55896 3 13 13 13 11011 7 16595 13 86232
84712 13 13 246 98395 67873 13 46770 31862 1
20838 12180 13 93114 33690 13 90704 13 51821 8
80374 8486 13 31800 13 0 13 13 13 3
63053 256 13 25099 13 69662 86418 79546 78070 7
79009 13 92939 30563 13 13 7 65705 88907 85223
13 83257 13 13 40971 98246 13 13225 13 6
1 76494 4 13 68200 54364 7327 58254 13 13
13 20 3645 73563 13 75538 13 13 13 13
13 7 68704 13 51440 79965 4 13 32568 13
13 6 13 13 13 14811 4 13 13 5
0 1 27985 43992 3512 7 13 0 44048 13
13 3 13 89064 38712 13 13 33940 4 13
13 10366 68071 13 9056 13 13 3 45629 1
13 53312 44564 9274 46253 13 2422 3 80446 13
64026 13 13 89969 68778 13 13 13 13 48153
18046 13 13 8 13 9013 57425 17196 28745 9
13 13 68762 720 13 13 13 13 13 6
13 13 76240 38150 46904 84043 2078 13 21917 53479
13 31037 11672 13 9875 13 91392 6917 13695 11580
8 30575 55547 79882 42829 13 15379 13 13 9
13 79810 8 13 13 2 13 13 13 31530
13497 13 8 13 44869 13 13 8859 13 13
9 13 13 1 46959 26157 41840 79712 28983 16726
91663 60418 2385 13 5 65280 62426 13 9 13
83541 24177 0 7 29610 13 62981 2 6245 98274
13 15734 20838 13 33984 61188 13 13 13 82940
15240 13 13 13 13 4 13 13 23278 9863
56748 13 13 2 89289 58407 13 9 13 13
13 13 13 98253 35200 13 13 65826 13 13
37321 13 1 13 13 13 56218 29230 7 13
37334 13 22085 10017 13 7 13 13 18067 2
13 13 13 3 56445 13 13 48835 58021 85488
1 3 95427 13 13 33394 5 4300 13 13
13 4 13 13 13 13 1 13 64224 13
13 13 13 32546 13 2 13 83443 50320 6
1964 8 37158 0 13 13 13 13 13 85761
29403 99876 1152 3 7 17631 51627 13 13 5
94694 13 36849 13 3 13 0 13 77765 92956
13 74149 13 94547 13 43209 46524 13 13 90239
13 4 13 33233 3 13 13 13 73470 8
13 13 40091 91815 13 36657 2 13 13 65995
22178 75175 13838 1 13 55822 13 52011 4 13
15144 7 13 13 13 93345 19405 29708 13 13
33149 13 13 13 98897 13 50206 9 92222 44234
13 13 31384 72757 13 9285 60326 2 1 13
33444 13 0 89307 13 13 13 7 1 13
1 1 27778 93003 46085 32709 13 8815 3 11345
13 6293 72803 13 65145 84840 45606 1 13 13
7 44685 1 80664 93095 26550 28874 23798 13 6
13 88484 87820 46758 85884 86278 13 0 9 13
3 7 13 79194 9126 38069 50966 6 13 13
13 9 13 84607 1129 25689 13 13 33710 13
11850 65343 13 21648 13 13 50980 6 13 13
13 13 7936 77197 13 13 3 13 13 36932
13 28075 5211 7 46806 90040 33204 13 17883 13
5252 4 13 5 13 16843 45681 58763 81571 46493
5 12287 2 13 1 13 13 13 6 48444
3 98479 6 13 13 13 13 51962 34273 63812
13 13 13 6 74958 8 97146 79236 13 0
34216 13 13 34208 70118 7 13 13 65837 13
66344 99871 13 45614 13 23294 13 9 13 7
42101 13 13 7 13 13 0 6 13 94850
13 5 98833 55269 3579 3 31930 13 92203 27142
11853 62012 7 4 16679 6 13 92511 40953 97947
13 13 9 59259 13 13 13 13 13 9
13 41713 13 59321 13 13 59242 13 50065 13
5 7 13 15253 31472 96953 63768 13 22844 13
13 13 13 37305 13 13 13 3 13 68654
7 15253 3 13 3 13 13 19646 1 13
13 20841 15069 13 13 13 13 24902 4 13
69209 0 25881 13 13 57118 82162 13 34730 13
69325 13 13 13 13 13 1170 21905 20995 13
70663 55439 18178 52124 13 46037 13 56108 70047 13
53025 71581 5 25362 13 13 13 13 13 13
97611 13 1 9116 58646 47165 1 13 6 13
1 64022 7 8341 90655 44472 6 13 44816 48812
6 50077 8 19926 13 86719 2 13 13 69955
30020 13 92592 3 13 52843 13 8 93811 37352
68300 5 21464 8 35345 7 13 10055 64125 50089
13 3 11946 13 13 13 1 20252 45282 5
8920 9 76788 5 13 6 96944 68802 91913 16956
13 33562 3 13 59250 13 13 13 13 13
13 19484 13 57712 1 13 60780 13 835 13
69165 4 71899 13 13 13 13 8 41131 31743
28082 3 13 67063 13 49364 83619 50924 46143 13
10399 13 1 13 42978 13 4 5 13 13
13 48988 86727 1 88208 1 13 76827 13 0
43883 46356 663 13 63363 13 44558 7 4511 86917
53347 13 13 34988 3 70526 13 13 76178 13
13 88388 7 13 13 3 64073 13 8745 5
13 33169 38520 50162 13 13 3 99437 13 13
39394 13 13 13 4997 1 43796 13 0 60618
75235 13 5 13 97818 76744 13 98275 13 13
2 13 13 26134 8 13 13 25000 2777 65116
13 1 42435 8 4 13 13 13 79540 10079
13 13 13 13 16907 23613 46273 1 13 58798
39974 7987 13 16422 13 2 28988 13 94598 13
64131 13 13 38201 13 5 13 20189 13 94546
93012 81006 7 20546 19986 13 13 13 9 7
9 36751 56215 46894 66641 6631 13 5 74152 13
89908 28805 13 3175 13 2 54425 13 13 13
65070 13 3 13 13 25705 13 47772 13 13
13 11752 5838 3 13 0 548 11293 90419 40742
13 3 46697 13 16128 4 74097 13 13 9
45056 13 2 49684 44514 78124 13 1 71462 7
13 13 8 4822 4 66941 86794 38145 13 13
13 58776 13 13825 60893 13 53759 1 80294 13
64454 13 55925 13 13 92607 13 8 13 9551
5 75839 13 13 13 9 6 91053 84689 2
21939 13 5 13 13 0 6 33237 13 8
6 13 3 13 41197 9 13 1 13 81752
13 67283 1155 13 13 26734 13 82572 44552 74421
70073 15271 3 13 55380 24316 3 13 58097 13
71979 13 13 13 72168 7202 1410 32773 6 13
4 88766 50944 13 28960 13 38529 13 5 23853
2 6 13 0 81317 15503 13 13 13 51377
13 16462 96106 60147 3 90795 94554 13 13 13
13 13 5532 48114 13 13 13 3 13 13
13 17405 45319 13 13 13 2 9 94011 27697
6 6 8 45926 13 90275 13 13 13 28264
13 56673 13 13 96297 13 13 13 13 1
1 3 9 9 13 65591 7 58498 7 4
7 62640 58190 65417 93979 90730 55601 13 94346 13
8 5 1 7079 1 89451 4 53299 79640 21843
9 37538 4 13 13 99248 53703 13 91675 46858
25633 8 51041 57141 86676 13 13 50675 7 13
1 61132 9 35505 78669 13 5 13 98999 2480
67269 13 13 13 13 94965 8 84627 13 29495
13 13 13 13 46652 0 4 67952 82704 28518
15886 3154 78140 13 3 13 71724 60446 32963 13
64286 13 13 18924 13 13 13 13 40035 13
13 13 68587 13 63347 13 13 9 13 13
86520 3 13 89954 13 75124 5 84587 64838 1
13 64687 1 13 13 8 13 47291 0 4
59981 13 26483 9 13 87243 13 13 13 0
54843 73511 33840 13 13 88493 2 13 95957 9
13 58058 39506 2074 66471 69888 13 0 78661 54693
13 13 13 13 86576 39785 13 13 13 13
20502 13 13 66747 29767 65576 13 9 5367 13
13 13 66114 0 2 13 24461 4 13 2
13 91760 54382 13 13 90018 5 57682 44468 0
22888 13 869 40128 9 13 51032 1703 80994 9
45904 12578 6 17187 8634 56519 0 70669 13 13
13 13 1 5 80468 87457 9823 13 3183 61092
47840 13 13 20948 92720 13 25536 13 4 85294
13 11163 60626 1 91610 13 1 13 66775 3
7 13 81737 62830 35376 9 1 13 13 23066
13 0 9 94489 50202 82440 6 7389 13 8847
48781 73286 19974 49982 8 13 13 57357 7 13
13 49635 13 1 13 13 42039 13 13 13
13 59049 4 20927 15807 37455 4 69226 13 84338
49418 13 13 13 58653 13 47448 13 819 6475
78701 13 13 13 13 37053 9787 13 86543 13
9 93167 13 13 5 13 13 13 56203 0
9 13 13 13 13 30734 52057 13 13 93742
0 13 94170 81762 52454 13 13 55053 13 13
13 13 13 13 85424 98166 14643 13 61105 48292
13 95178 0 87223 0 13 7 13 13 22651
41706 13 2 13 71517 13 932 13 8 13
41821 13 54461 2 13750 90080 13 82854 4 13
3 31224 59208 13 13 13 13 13 13 8
59499 98929 6 30738 13 49319 13 7 52500 13
25127 13 57036 39675 13 13 13 13 67471 13
3 13 25514 13 13 0 52079 13 13 13
13 13 8 3 39365 85688 15417 2 13 12988
6 77624 88719 3 15022 13 13 6 13 13
13 1 13 2 8 42112 13 56517 13 13
6 13 9 13 13 5 13 13 13 13
1528 2086 13 13 13 6551 97290 14618 2 1
35792 13 5 1 49483 13 13 5 13 13
13 90116 68536 13 13 13840 13 28774 51361 1040
13 3 13 87540 76443 13 13 40390 6 3
84502 34370 7 81575 13 13 13 7 1 13
56318 7 0 13 13 85184 29692 13 13 9
1 13 13 44190 76442 13 70072 44537 4 0
92518 6 76033 62314 3 13 61942 5244 8 25152
3 32233 46801 86907 13 51970 50370 13 24310 13
3 83328 13 13 13 0 13 13 13 13
13 15662 13 13 13 45182 13 8 6 0
13 13 58626 32896 13 13 32293 5609 40403 13
6 13 25720 0 13 13 3 13 91786 9
28644 13 45299 42521 13 97525 13 2464 2 83797
62589 13 37573 2 13 891 6 8 7 48294
87864 0 13 2 3 2484 13 25145 85728 13
7 13 56150 0 13 13 30947 4 8 98186
82569 5 74351 13 13 4 55046 1 98516 13
64960 18472 12635 13 13 13 13 3 72980 13
61246 1 86208 39493 13 13 13 85342 9 53493
13 59855 40199 17973 41733 4 4 7 13 13
38116 13 64587 13 30898 13 51530 38001 4319 13
20325 13 56805 13 13 13 58356 37504 84771 13
13 13 99871 79301 29778 3 55819 15415 13 13
13 48494 89215 1467 6 78064 41433 13 13 13
11140 23123 41296 9049 13 2 97274 13 7 13
13 58195 85621 13 6 99081 54730 13 13 7
2690 13 13 11932 21043 13 13 52698 7 13
0 9175 40484 0 1 47814 12566 13 24471 81380
2 18205 13 13 13 51665 74068 13 13 27231
13 76554 13 37145 56478 13 27951 44656 36904 13
98737 9 6 13 13 13 40576 13 13 37651
75776 8 8 13 7867 26026 13617 13 0 52042
0 13 8 40781 31682 13 13 85376 13 53749
37148 7 81499 13 5 97654 13 65758 13 13
13 54343 9401 42251 52772 7 5 13 13 0
72690 13 23417 1031 1 13 41813 13 13 41190
13 1 43625 91416 13 13 8236 43635 13 36341
82771 22248 92807 13 79659 13 63084 65675 13 78177
31657 13 31452 39770 13 4 8 13 7 2
3 13 13 60723 13 13 45430 13 71193 13
13 30728 3 0 45584 3 67271 23208 13 13
49259 60078 6 13 63708 13 52506 13 13 13
3 8 7 13 3 13 5 4 4797 13
13 84495 1 40458 13 5 3411 6 45546 2
13 42643 57181 59496 13 1562 13 55979 16693 13
4 13 8 86217 72530 18849 8 31725 13 90717
13 73640 26998 4 4 1 5 13 13 13
13 13 13 68897 13 48216 81615 13 2 4
13 13 26176 13 52643 36651 13 8 3 4
52931 13 9 68594 13 3 0 13 88216 25501
28251 1 63974 68475 6999 13 13 19970 47058 98783
13 40841 42219 7358 5 5807 60609 5 13 11273
80623 13 49251 95645 40051 13 13 20992 6 1129
9 13 78102 9 4338 9 13 61776 21265 13
83596 13 0 13 13 90489 7 2679 13 1
81612 91878 13 13 69342 75016 13 13 74807 5
13 13 13 13 8 53041 61766 89230 99294 13
13 65891 13 48834 2009 43855 14007 6 36026 7
9 13 42982 6 17141 13 7598 13 44087 13
8 13 9 13 7 13 41725 7 93606 8187
5 13 13 13 13 4999 13 57998 13 93295
4693 13 13 79525 7 13 16043 13 23009 13
63417 7 47925 7 13 13 54054 13 13 13
5 42034 13 13 13 87818 13 83889 7 6
23114 5 8 13 13 13 3 13 7064 13
13 1 13 13 92195 1 3 60288 68623 13
44238 13 13 2 5 13 5 13 80097 3073
86346 13 9042 9 1142 13 16189 98526 13 13
13 9 13 13 57610 13 24724 13 7 60957
96147 13 13 0 58442 13 13 38575 69719 50512
63064 56952 8800 13 46848 98079 81034 87043 95515 13
4 1 4549 28712 59173 35553 13 78949 47163 70146
33399 13 13 13 2 85964 88164 13 13 5
28704 13 48441 2 6 13 13 13 54355 13
57747 13 5 55993 13 47556 13 13 13 68165
4004 42082 13 13398 63494 13 13 13 13 9
13 35968 88571 75258 5 91977 13 2 13 13
13 13 3 13 22933 8 13 63627 13 13
51267 13 12086 30365 13 13 33360 80883 32622 11053
96150 13 13 13 13 31430 3984 5 86204 13
13 13 13998 4 13 44447 13 5058 13 13
13 13 13 13 13 13 42150 3 13 13
35407 13 6 13 2 5 6 9 57776 31264
13 13 4 13 13 13 7 21754 27384 13
13 13963 7 13 13 13 13 47484 13 13
13 13 40095 59121 13 4 2 25865 79025 13
4 13 3 13 13 70056 86829 39815 13 42581
89560 35517 22908 76253 2990 78003 13 92203 31973 84055
5 13 13 13 13 81862 13 13 13 13
46271 13 13 13 13 6 4 68265 20884 81433
2 13 13 1 9 13 3 13 13 13
13 94992 53716 0 13 13 13 14034 13 13
82987 19882 64434 4 13 13 71545 13 52061 13
53425 8 13 48649 13 1 97792 1833 89642 2
84304 3 0 13 44409 62928 13 49002 30552 13
58670 90689 13 13 3 7 13 32954 60036 5
29990 30881 13 13 13 3 17418 99228 13 3641
23779 78323 13 5 5 13 1 13 13 13
13 3 13 13 13 0 76548 65324 13 34667
6 13 13 59527 13 74901 13 32151 13 84327
13 7 8 67227 13 13 5 83392 13 4
0 31696 13 13 8 13 39405 8 13 98289
97585 13 96384 5 33151 6 13 15782 79121 9
90923 13 58480 13 63722 7 29134 3 13 13
0 29669 17182 35301 13 46549 13 13 1 11687
66598 13 13 13 6 46708 0 13 13 69362
5 13 92215 6842 6783 3113 60085 62023 23529 26586
13 13 13 13 8048 67734 5 89199 13 13
3 13 13 4 59540 13 9 50789 4 24041
13 47478 13 36783 20184 13 71472 52955 0 1
13 81158 13 13 19803 7 13 0 11314 53100
5982 13 13 13 12075 13 3 8376 45917 76468
7 13 13 5 27474 13 5 13 22834 7
13 13 13 2 6 13 13 13 36236 93735
8 45543 78685 33130 40465 13 13 9 95741 13
13 51558 13 81647 43949 56784 7 33268 13 13
7 55581 94301 13 7337 26197 3 96617 13 13
93230 13 29785 21892 13 13 6 2 13 28271
7 7 13 13 4 6 11427 45050 13 3
13 13 44939 10022 13 12445 12248 13 13 6
4031 13 13 8 13 13 97246 1 13 4787
28310 13 28810 21142 7885 13 2 29311 13 13
13 3 51076 46591 36660 14181 3 73587 3 18751
57347 42028 13 5 77578 5 1 79878 13 13
13 4 18512 13 8 4 13 8 13 95282
13 11546 97469 13 21352 13 13 13 9 13
13821 5 0 13 24923 13 57645 13 13 2256
13 5 9 13 41025 14587 13 13 13 42878
13 0 4805 4 9 34464 70399 7 83820 13
6 1 84762 34173 9 13 13 7708 13 7244
34368 13 15585 69918 70148 9 8694 7 13 13
32375 51458 13 8 4 13 14363 96177 6675 50571
5 33283 13 13 54162 81905 13 77921 0 13
13 73746 13 59160 0 14143 57895 13 45011 91893
84124 13 13 13 13 13 13315 190 13 13
8 74943 73613 24093 86108 13 6 70939 7 13
13 67038 13 84160 13 99481 13 13 13 3
13 31975 4 13 71631 13 13 13 87617 79091
13 4864 13 13 5 89416 27972 13 2 13
13 71809 13 1 1 98030 85302 61206 9 6
76513 13 73373 14729 2 13 28158 13 3 13
60490 58879 3 13 13 77550 62389 13 13 2659
0 1 59485 22689 87911 99775 9 13 3 60863
50994 0 61458 13 13 30056 13 1 78111 13318
13 13 98277 71559 13 13 35901 4 5 13
63298 71401 13 13 13 13 13 74150 11665 699
13 64257 13 6 2 4 3 63535 13 13
64973 13 1 22263 641 43113 13 12997 51334 7
13 98879 64561 13 86759 13 76665 13 22194 13
4 66735 71617 8 3 13 30446 2 7 13
13 48963 7 13 13 18935 13 13 76597 74512
0 7 10252 7 13 13 13 13 39256 84451
13 25324 42224 97621 56299 13 3 12380 6 65110
13 13 82697 91987 1 35680 93628 3800 3 13
22163 42960 49679 55168 24303 67968 13 6 13 6
26310 38842 84186 18660 28234 35309 46758 44734 13 2
13 5 13 62337 13 7 3 83336 45406 9
55640 13 13 12782 30958 13 13 78937 7 80964
13 56103 70987 13 53396 13 13 13 13 91910
8985 13 71849 8 13 8 13 4 4 3
91742 13 51078 94555 958 13 3 18165 25911 16578
3930 13 13 13 13 13 13 13 81336 73911
93698 21486 1195 6 28260 13 42962 2 60887 78689
20356 13 13 50578 74421 20977 34428 2 45163 13
13 0 82382 98077 13 3 13 13 13 70606
13 13 7 13 13 46207 13 13 13 13
70561 1 13 13 4625 76662 28023 13 13 61814
15356 13 23286 13 86348 88811 2 3 74426 13
13 46798 13 1 7 0 86293 13 9260 9
13 4756 13 1 2 1 13 51383 72781 19887
13 13 64379 55929 13 73466 27628 31317 50406 14415
31167 13 97983 5 13 13 13 9 13 13
7 16865 3 13 13 13 53862 13 13 39009
13 13587 9 13 89825 13 13 46244 64142 13
11569 3 0 5 13 13 57615 2 34832 14499
2 13 57245 13 13 13 13 13 14135 94218
4 13 62803 1014 13 15090 67122 78270 13 79010
91729 99871 42408 5 17194 13 66185 8 13 13
3 8 2938 13 13 1 13 69353 35187 13
13 89399 8 53632 6 13 13 5 3 33230
7 13 13 96762 13 13 17139 12614 13 13
5 1 13 13 3 87666 13 13 13 13
38021 13 13 6072 13 13 84276 13 13 13
4 13 64987 63263 2627 53594 99127 6 17971 9298
13 13 13 13 6 1 66407 13 13 13
5 0 65203 52578 15679 13 13 13 23319 13
13 13 13 31919 19598 13 4500 37434 90041 8
76868 13 52171 9 5 13 9 13 13 13
7 83554 0 13 8 13 13 13 13 42460
6 74935 31101 52695 13 13 9 13 23790 4
31306 86521 13 13 61601 25003 13 2426 13 13
9 17930 35724 13 13 3 3 30855 13 49684
13 86080 13 13 13 13 13 4525 57488 56288
0 13 46244 13 57014 13 3147 1 8 3
15963 19032 44743 13 13 22743 13 71983 2 13
9 15488 16871 13 3 13 13 13 13 13
44534 13 13 0 13 95625 10854 0 13 46959
3 51636 13 13 10618 46126 13 13 13 69102
13 8149 34715 5 9 56020 99923 13 1 7
13 97083 13 62846 13 19139 81989 13 6 13
41049 13 7389 9 82968 13 45464 72480 1 23415
3 13 49820 13 3503 32132 13 93624 32465 13
9 8 3722 58726 13 2380 86471 13 33296 2088
55279 42239 13 13 13 13 18898 42475 55580 13
74529 27549 31308 13 20371 13 74528 96003 8 13
33668 79344 29202 13 38880 74651 1 29086 13 50502
13 78865 13 13 60693 69273 13 13 6 13
0 13 13 41444 82994 86754 13 9 13 13
93808 96046 13 13 4 0 55212 54331 13 63869
13 13 37819 13 30132 13 13 13 5 88592
43502 13 13 4 72123 13 1 73218 13 6405
3 13 5 50610 13 13 32668 3 13 27139
14354 40300 6 13 99140 13 86875 8 0 0
16614 0 13 31888 13 3237 63807 13 13 13
13 13 1 86058 21609 13 13 91944 86231 7
13 5 13 13 55258 13 99094 4 4 67407
88967 13 7 13 13 4475 82381 13 13 0
13 13 9 13 2 84876 5 93423 99825 13
13 13 13 51074 2073 22597 1 9 0 563
66994 44800 13 77268 73483 9 66688 13 13 13
33629 13 13 13 36097 88485 13 13 1 2
37004 13 13 13 13 6 30367 72081 2 91184
13 73281 13 13 13 13 34302 13 13 13
13 13 8966 78040 13 35310 2 13 95320 59813
13 70738 3 13 43254 5 20062 13 36900 47460
75130 94855 13 6 67296 13 13 13 93369 7
9 0 13 4 13 92203 15065 13 7422 13
13 6457 6 13 9 13 13 95986 13 97739
71431 3 31794 13 13 13 13 3 74724 15038
3 3 24394 38729 62771 5 13 0 9 22509
3 33971 60565 6 47759 13 85939 13 33425 13
5 5305 0 6 24962 32925 8 98634 25587 13
59282 13 76917 13 18979 6 13 2 1062 51876
13 69221 13 13 13 13 4 13 13 78330
13 13 13 93576 13 9587 18934 13 2860 13
68602 13 9 13 88875 13 5 26152 72264 63662
43554 13 13 78650 4 21043 56315 13 99609 90079
64522 64593 98515 6 55590 26955 93130 9 13 2
13 6 0 5 38028 0 13 13 13812 0
13 78212 13 3 7 0 35826 13 13 13
13 0 13 13 5 13 13 31334 13 61029
43472 13 13 13 13 6 13 32648 46551 13
13 5 13 47781 47086 5 75847 13 65570 13
68037 87617 13 8 13 13 13 6 13 20845
13 89653 78541 13 13 13 5 13 8 6
86662 13 13 13 1 13 78136 13 13 13
66635 13 81408 13 95974 9 98356 5441 34231 4
25778 7 13 66470 63687 94603 92977 60057 13 13
0 13 77653 67450 13 13 13 5 9 66063
7 13 13 16908 46818 13 44887 2 13 98489
3 4 9 4 13 26130 5 18025 13 13
13 13 2 13 20738 97017 13 92649 34824 6
28231 43552 13 13 13 13 95207 13 55335 40380
13 13 34245 13 25257 21303 9601 89691 51149 37542
13 13 13 4 13 13 78018 13 4745 13727
32481 69439 27065 57153 632 60528 13 69414 14472 14334
13 65215 28290 56583 17520 13 77480 12406 13 13
48655 13 6889 6 9 13 66779 13 13 74711
7 13 13 8520 3366 13 17314 13 58189 74424
